T: 25.0
mean_regret: 129.73620885681356
monte_carlo_reps: 1
points_per_grid_dimension: 1
regret list: [120.99799373136175, 147.23204252641528, 121.47027860871655, 129.2445205607606]
std_regret: 10.618709427467218
